#Total No. of Collocate Types: 477
#Total No. of Collocate Tokens: 1354
1	72	41	31	3.07301	и
2	50	40	10	3.48662	ну
3	48	20	28	2.53752	я
4	47	18	29	4.61148	так
5	44	9	35	4.19439	этот
6	34	17	17	2.38520	вот
7	33	9	24	2.83825	это
8	33	21	12	2.46669	а
9	32	10	22	3.31273	как
10	28	25	3	2.67205	да
11	21	13	8	2.02967	что
12	18	0	18	1.39089	в
13	17	7	10	3.41317	такой
14	17	15	2	1.41100	быть
15	16	4	12	2.69512	там
16	16	7	9	2.15385	мы
17	15	3	12	2.42773	он
18	15	3	12	2.08016	на
19	14	5	9	3.14178	ээ
20	13	1	12	2.26676	вы
21	12	9	3	3.08604	знать
22	11	0	11	1.80263	у
23	11	10	1	1.00789	то
24	11	8	3	2.63662	говорить
25	11	3	8	2.43908	все
26	10	6	4	3.30843	сказать
27	9	2	7	3.49563	тут
28	9	1	8	2.23405	они
29	9	2	7	3.53082	если
30	8	2	6	4.05689	щас
31	8	2	6	2.05689	она
32	7	0	7	1.34320	с
33	7	1	6	2.19522	какой
34	7	2	5	3.20432	здесь
35	6	2	4	1.65635	ты
36	6	1	5	-0.00661	не
37	6	2	4	2.59921	мочь
38	6	2	4	2.82628	кто
39	6	3	3	2.89339	еще
40	5	1	4	5.11578	це
41	5	2	3	1.84277	уже
42	5	3	2	3.04540	только
43	5	1	4	3.18979	сейчас
44	5	4	1	3.37882	раз
45	5	1	4	2.29475	к
46	4	1	3	1.91939	э
47	4	2	2	1.84277	человек
48	4	3	1	4.00031	смотреть
49	4	0	4	2.53082	один
50	4	2	2	1.54088	нрзб
51	4	4	0	2.32571	нет
52	4	0	4	2.63466	мм
53	4	3	1	1.98650	который
54	4	0	4	2.20889	за
55	4	4	0	2.72347	жить
56	4	4	0	3.79386	дом
57	4	1	3	3.30843	даже
58	4	3	1	2.36090	аа
59	3	0	3	1.46553	эээ
60	3	2	1	3.33151	сидеть
61	3	3	0	1.92816	себя
62	3	1	2	2.50435	самый
63	3	2	1	3.96378	ребята
64	3	1	2	4.96378	пруд
65	3	2	1	2.85944	почему
66	3	3	0	2.58527	потом
67	3	0	3	0.89339	по
68	3	1	2	6.28571	одновременный
69	3	2	1	5.70075	одновременно
70	3	0	3	2.67100	о
71	3	2	1	5.11578	начаться
72	3	0	3	4.37882	например
73	3	2	1	2.55779	надо
74	3	1	2	3.19825	можно
75	3	1	2	1.59921	когда
76	3	0	3	2.03778	из
77	3	1	2	2.73112	идти
78	3	1	2	3.24132	значить
79	3	1	2	5.28571	ее
80	3	2	1	3.19825	думать
81	2	2	0	5.37882	штука
82	2	2	0	6.11578	школьник
83	2	1	1	2.57146	чтобы
84	2	2	0	3.61328	цена
85	2	1	1	2.45282	хотеть
86	2	2	0	1.79386	ходить
87	2	1	1	3.00031	тогда
88	2	2	0	5.37882	технология
89	2	2	0	3.70075	теперь
90	2	2	0	6.70075	темно
91	2	1	1	4.24132	сын
92	2	1	1	4.24132	собирать
93	2	2	0	4.24132	снег
94	2	1	1	3.30843	слушать
95	2	0	2	2.30843	сегодня
96	2	2	0	2.84277	рассказать
97	2	2	0	5.37882	район
98	2	2	0	5.70075	пустить
99	2	1	1	4.70075	простой
100	2	2	0	5.11578	происходить
101	2	2	0	3.70075	правильно
102	2	1	1	2.70075	поэтому
103	2	0	2	1.19295	потому
104	2	1	1	1.91939	понимать
105	2	2	0	5.70075	покупать
106	2	2	0	5.11578	поглядеть
107	2	2	0	5.70075	платок
108	2	1	1	5.70075	педагог
109	2	0	2	4.37882	оттуда
110	2	2	0	3.24132	отец
111	2	0	2	2.74655	опять
112	2	1	1	7.70075	обыск
113	2	0	2	0.90633	но
114	2	1	1	3.30843	начать
115	2	2	0	3.79386	называться
116	2	1	1	2.49129	наверное
117	2	0	2	1.41534	мой
118	2	1	1	3.30843	мама
119	2	2	0	3.89339	любить
120	2	2	0	3.79386	купить
121	2	2	0	6.11578	кормить
122	2	0	2	4.37882	книжка
123	2	2	0	4.24132	кавказ
124	2	0	2	3.53082	интересный
125	2	1	1	3.70075	именно
126	2	2	0	1.63466	или
127	2	2	0	4.00031	здание
128	2	1	1	5.11578	зарабатывать
129	2	2	0	2.53082	жизнь
130	2	2	0	4.53082	дорога
131	2	2	0	2.65635	дело
132	2	2	0	2.08604	делать
133	2	0	2	1.86786	два
134	2	1	1	2.94586	дать
135	2	0	2	3.70075	далеко
136	2	2	0	4.00031	дак
137	2	2	0	0.37882	год
138	2	0	2	2.37882	вообще
139	2	1	1	3.61328	вон
140	2	0	2	0.37882	весь
141	2	2	0	6.70075	вводить
142	2	2	0	0.91939	бы
143	2	0	2	4.89339	буквально
144	2	2	0	3.70075	брать
145	2	1	1	4.53082	болеть
146	2	0	2	2.89339	баба
147	1	0	1	6.70075	якибошна
148	1	1	0	2.00031	язык
149	1	0	1	4.70075	ягибошна
150	1	1	0	6.70075	юноша
151	1	1	0	5.70075	ювелир
152	1	0	1	5.70075	этакий
153	1	0	1	4.70075	ща
154	1	0	1	6.70075	шутиков
155	1	1	0	1.89339	школа
156	1	1	0	5.70075	шаль
157	1	0	1	5.70075	чужой
158	1	0	1	4.70075	чувашский
159	1	0	1	2.61328	читать
160	1	1	0	4.37882	черт
161	1	1	0	5.11578	чемпионат
162	1	0	1	6.70075	чашечка
163	1	0	1	3.70075	часто
164	1	0	1	6.70075	ца
165	1	1	0	6.70075	хрущевка
166	1	1	0	3.53082	хотя
167	1	0	1	2.70075	хоть
168	1	1	0	2.53082	хорошо
169	1	1	0	1.02832	хороший
170	1	1	0	5.70075	химия
171	1	0	1	5.70075	фотография
172	1	0	1	6.70075	фотографироваться
173	1	1	0	5.70075	фактически
174	1	0	1	3.37882	учить
175	1	1	0	4.70075	уставать
176	1	1	0	4.37882	услышать
177	1	1	0	6.70075	усилиться
178	1	1	0	6.70075	урочище
179	1	1	0	6.70075	уродиться
180	1	1	0	4.70075	уровень
181	1	0	1	2.53082	умереть
182	1	1	0	5.70075	ум
183	1	0	1	2.00031	улица
184	1	1	0	4.70075	узнавать
185	1	0	1	6.70075	узенький
186	1	0	1	1.74655	уж
187	1	1	0	5.11578	убить
188	1	0	1	6.70075	убираться
189	1	0	1	5.11578	тута
190	1	0	1	1.70075	три
191	1	1	0	4.70075	трасса
192	1	1	0	4.70075	топить
193	1	0	1	0.59222	тоже
194	1	0	1	5.70075	товарооборот
195	1	1	0	5.70075	тиф
196	1	1	0	2.61328	типа
197	1	1	0	6.70075	течь
198	1	0	1	2.89339	твой
199	1	1	0	5.70075	таскать
200	1	1	0	2.11578	таки
201	1	1	0	3.89339	также
202	1	1	0	6.70075	таблеточка
203	1	0	1	5.11578	т
204	1	1	0	4.37882	счастье
205	1	1	0	5.70075	схоронить
206	1	1	0	4.70075	существовать
207	1	0	1	5.70075	сундук
208	1	0	1	2.61328	сто
209	1	0	1	5.70075	старинный
210	1	1	0	3.37882	стараться
211	1	0	1	4.70075	среди
212	1	1	0	4.11578	спросить
213	1	0	1	2.30843	сорок
214	1	1	0	5.11578	содержание
215	1	1	0	6.70075	согласие
216	1	0	1	4.70075	собраться
217	1	1	0	3.11578	смысл
218	1	1	0	5.11578	смена
219	1	1	0	3.11578	сложный
220	1	1	0	6.70075	скреплево
221	1	1	0	6.70075	склад
222	1	1	0	2.89339	сказка
223	1	1	0	4.37882	система
224	1	1	0	4.11578	сжечь
225	1	0	1	5.70075	серьезно
226	1	0	1	5.70075	сериал
227	1	1	0	6.70075	семидесятилетие
228	1	1	0	2.61328	сдавать
229	1	0	1	5.70075	сглазить
230	1	1	0	3.89339	связь
231	1	0	1	6.70075	свекровия
232	1	1	0	4.11578	свекла
233	1	0	1	1.17719	сам
234	1	1	0	5.70075	садовать
235	1	1	0	5.11578	рубаха
236	1	1	0	6.70075	ростсельмаш
237	1	1	0	3.89339	рост
238	1	1	0	2.05689	россия
239	1	0	1	5.70075	рожь
240	1	0	1	2.79386	родиться
241	1	1	0	2.53082	родитель
242	1	1	0	5.70075	рейтинг
243	1	0	1	0.57146	ребенок
244	1	1	0	5.11578	раньше
245	1	1	0	6.70075	размер
246	1	1	0	4.11578	разговаривать
247	1	1	0	5.11578	разве
248	1	1	0	2.89339	равный
249	1	1	0	0.89339	работать
250	1	1	0	1.24132	работа
251	1	0	1	6.70075	ра
252	1	0	1	5.11578	пятьсот
253	1	1	0	1.79386	пять
254	1	0	1	5.11578	пускать
255	1	0	1	2.79386	прям
256	1	0	1	6.70075	прочистить
257	1	1	0	3.53082	процесс
258	1	1	0	1.05689	просто
259	1	1	0	6.70075	прописывать
260	1	1	0	3.11578	пройти
261	1	0	1	4.70075	продать
262	1	1	0	3.11578	проблема
263	1	1	0	4.37882	причитать
264	1	1	0	1.79386	прийти
265	1	1	0	3.70075	привезти
266	1	0	1	4.70075	представить
267	1	1	0	5.11578	предположить
268	1	0	1	5.70075	потерять
269	1	0	1	6.70075	потенциально
270	1	1	0	5.70075	посуда
271	1	0	1	6.70075	последовательность
272	1	0	1	2.61328	после
273	1	1	0	4.11578	посадить
274	1	0	1	4.37882	попробовать
275	1	1	0	3.53082	попков
276	1	1	0	1.74655	помнить
277	1	1	0	4.37882	помереть
278	1	1	0	6.70075	пользователь
279	1	1	0	6.70075	полоскать
280	1	1	0	6.70075	поломать
281	1	1	0	4.11578	половина
282	1	1	0	3.37882	полный
283	1	1	0	3.70075	полностью
284	1	1	0	5.70075	полезный
285	1	1	0	1.00031	пойти
286	1	1	0	4.11578	поймать
287	1	0	1	2.79386	пожалуйста
288	1	1	0	4.11578	поесть
289	1	1	0	4.37882	поезд
290	1	0	1	3.70075	подходить
291	1	0	1	5.11578	подобный
292	1	1	0	5.70075	подниматься
293	1	0	1	5.11578	подкидывать
294	1	0	1	5.11578	поделить
295	1	0	1	4.70075	поверить
296	1	1	0	4.11578	плясать
297	1	0	1	4.37882	плести
298	1	1	0	4.70075	платье
299	1	0	1	5.70075	питер
300	1	1	0	3.70075	писать
301	1	0	1	6.70075	передвижной
302	1	1	0	6.70075	передвигаться
303	1	1	0	5.70075	перебирать
304	1	1	0	1.14616	первый
305	1	1	0	6.70075	пенза
306	1	1	0	4.37882	парень
307	1	1	0	5.11578	пара
308	1	1	0	5.70075	память
309	1	1	0	5.11578	палец
310	1	0	1	6.70075	отстраивать
311	1	1	0	6.70075	отменить
312	1	1	0	3.53082	откуда
313	1	0	1	0.89339	от
314	1	1	0	2.53082	остаться
315	1	1	0	4.70075	оставаться
316	1	1	0	4.70075	особенно
317	1	1	0	5.70075	осетия
318	1	0	1	6.70075	освобождать
319	1	1	0	6.70075	оне
320	1	1	0	6.70075	одноногий
321	1	0	1	5.11578	однажды
322	1	0	1	3.53082	огромный
323	1	1	0	5.11578	обманывать
324	1	1	0	5.70075	оба
325	1	1	0	1.34320	нужный
326	1	0	1	4.11578	нравиться
327	1	0	1	4.11578	нормальный
328	1	0	1	6.70075	никак
329	1	0	1	5.70075	недавно
330	1	1	0	0.59222	наш
331	1	1	0	3.70075	начинать
332	1	1	0	5.70075	натюрморт
333	1	0	1	6.70075	настать
334	1	1	0	2.61328	народ
335	1	0	1	6.70075	напрядин
336	1	1	0	6.70075	напомнить
337	1	1	0	6.70075	назначить
338	1	0	1	3.89339	назвать
339	1	1	0	6.70075	надобный
340	1	1	0	6.70075	набухать
341	1	1	0	5.70075	муромский
342	1	1	0	4.37882	музыкант
343	1	0	1	3.37882	музыка
344	1	1	0	5.70075	морозить
345	1	0	1	6.70075	мозговой
346	1	0	1	5.11578	мичурин
347	1	0	1	4.70075	минимум
348	1	1	0	4.70075	местность
349	1	1	0	4.11578	мероприятие
350	1	1	0	3.70075	мера
351	1	0	1	5.70075	мелкий
352	1	0	1	5.11578	матушка
353	1	0	1	4.70075	мамка
354	1	0	1	5.70075	мамин
355	1	1	0	5.70075	мальчик
356	1	1	0	6.70075	любому
357	1	1	0	6.70075	листочек
358	1	1	0	4.11578	лечить
359	1	1	0	3.24132	лето
360	1	1	0	5.11578	лен
361	1	0	1	3.24132	лежать
362	1	0	1	5.70075	лампа
363	1	0	1	6.70075	лазать
364	1	1	0	2.61328	ладно
365	1	0	1	6.70075	кукушка
366	1	1	0	6.70075	крупица
367	1	0	1	5.11578	кроме
368	1	1	0	5.70075	крик
369	1	1	0	6.70075	красавный
370	1	1	0	5.70075	котомочек
371	1	1	0	6.70075	котель
372	1	1	0	5.70075	косить
373	1	0	1	5.70075	константин
374	1	1	0	6.70075	командировка
375	1	1	0	6.70075	колоссальный
376	1	1	0	6.70075	коклюшечка
377	1	0	1	5.11578	кой
378	1	1	0	6.70075	кобель
379	1	0	1	6.70075	кл
380	1	1	0	3.00031	кидать
381	1	1	0	5.70075	квалификация
382	1	1	0	6.70075	каникулы
383	1	1	0	4.11578	камень
384	1	1	0	4.37882	ка
385	1	0	1	3.00031	их
386	1	1	0	4.11578	использовать
387	1	1	0	3.70075	искать
388	1	1	0	5.70075	иркутск
389	1	0	1	5.11578	иногда
390	1	1	0	4.70075	иваныч
391	1	0	1	3.70075	иван
392	1	1	0	4.37882	знакомый
393	1	1	0	6.70075	знак
394	1	1	0	1.57146	земля
395	1	0	1	2.24132	здравствовать
396	1	0	1	6.70075	защититься
397	1	0	1	6.70075	зарасти
398	1	1	0	2.37882	заниматься
399	1	1	0	6.70075	закладывать
400	1	1	0	6.70075	закидывать
401	1	0	1	5.70075	задержать
402	1	0	1	6.70075	завоевывать
403	1	0	1	3.89339	завод
404	1	1	0	4.37882	забор
405	1	1	0	6.70075	забить
406	1	0	1	5.70075	житься
407	1	1	0	5.70075	желтенький
408	1	0	1	0.16159	же
409	1	1	0	2.11578	ж
410	1	1	0	6.70075	ендалаа
411	1	0	1	3.37882	ездить
412	1	0	1	5.11578	европейский
413	1	0	1	3.70075	дурак
414	1	1	0	4.37882	дружить
415	1	0	1	0.84277	другой
416	1	0	1	5.11578	древний
417	1	1	0	4.11578	дочь
418	1	0	1	4.37882	дочка
419	1	1	0	6.70075	дорабатывать
420	1	1	0	2.70075	дома
421	1	1	0	1.74655	должен
422	1	0	1	5.70075	добыча
423	1	0	1	0.79386	для
424	1	1	0	6.70075	диджеить
425	1	1	0	5.70075	дзынь
426	1	0	1	6.70075	дескать
427	1	1	0	3.89339	держать
428	1	1	0	2.05689	деревня
429	1	1	0	4.11578	дед
430	1	1	0	4.70075	де
431	1	0	1	4.37882	дверь
432	1	0	1	3.70075	дагестанец
433	1	1	0	2.79386	горшок
434	1	1	0	5.11578	герой
435	1	1	0	0.37882	где
436	1	1	0	6.70075	гвоздь
437	1	0	1	4.70075	гармонь
438	1	1	0	6.70075	выслушать
439	1	0	1	6.70075	высказывание
440	1	1	0	6.70075	вылить
441	1	1	0	6.70075	выламывать
442	1	0	1	2.30843	второй
443	1	0	1	6.70075	втихолку
444	1	0	1	4.11578	вспомянуть
445	1	1	0	5.11578	всего
446	1	1	0	1.41534	всегда
447	1	1	0	0.70075	время
448	1	0	1	3.89339	восьмой
449	1	1	0	1.94586	вопрос
450	1	1	0	5.70075	военный
451	1	1	0	4.11578	водить
452	1	0	1	1.53082	во
453	1	0	1	3.89339	внук
454	1	0	1	6.70075	вкусность
455	1	1	0	6.70075	витька
456	1	1	0	4.37882	видно
457	1	0	1	1.24132	видеть
458	1	0	1	2.53082	взять
459	1	0	1	4.37882	везде
460	1	1	0	1.79386	ваш
461	1	1	0	5.11578	васильевич
462	1	1	0	2.79386	бывать
463	1	0	1	6.70075	буряток
464	1	0	1	3.70075	бурлак
465	1	0	1	6.70075	большущий
466	1	1	0	6.70075	бодрый
467	1	1	0	3.37882	бессоновка
468	1	0	1	6.70075	бессоновец
469	1	0	1	2.61328	без
470	1	0	1	4.70075	бегать
471	1	0	1	6.70075	бараний
472	1	0	1	5.70075	баннерный
473	1	1	0	6.70075	банально
474	1	0	1	5.70075	бабуля
475	1	1	0	5.70075	ассоциироваться
476	1	1	0	6.70075	арт
477	1	1	0	6.70075	ангел
